R = 40154.656773531075
B = 32.54309753860648

A = 1.0241589780940674
B = -0.15541179509979
C = 0.0005539582639023474